0.026985 104
0.010338 149
0.000024 7
0.000420 8
64.346840 11
0.000176 38
0.119724 18
0.205623 1
1.467640 11
1.467964 18
0.328937 1
2.510049 19
0.559084 1
0.214964 1
0.185266 1
0.336719 7
0.002005 11
0.001574 60
0.000051 2
0.000199 79
0.000042 27
0.008659 149
0.000089 7
0.000310 8
12.687628 10
0.000306 49
0.108914 35
0.144624 41
0.135142 30
0.190039 30
0.079560 30
0.119819 30
0.089255 88
0.683879 7
0.000758 11
0.002121 58
0.000043 2
0.000032 67
0.000017 2
0.000047 72
0.000018 2
0.000026 60
0.000017 2
0.000027 41
0.000016 2
0.000020 51
0.000015 2
0.000021 43
0.000031 2
0.000023 66
0.000024 2
0.000021 2
0.000029 58
0.000017 2
0.000028 76
0.000017 2
0.000045 72
0.000018 2
0.000025 60
0.000016 2
0.000020 46
0.000016 2
0.000019 51
0.000016 2
0.000019 43
0.000015 2
0.000021 66
0.000016 2
0.000019 2
0.000029 44
0.000016 2
0.000020 41
0.000016 2
0.000030 52
0.000017 2
0.000023 47
0.000016 2
0.000021 37
0.000015 2
0.000020 51
0.000015 2
0.000023 37
0.000015 2
0.000020 66
0.000016 2
0.000019 2
0.000176 79
0.000042 25
0.000009 2
0.009043 149
0.000096 7
0.000349 8
15.203181 10
0.000211 48
0.139423 87
0.260125 41
0.163958 30
0.119420 55
0.882899 1
3.523933 1
0.320629 1
0.583754 1
0.753436 10
0.300059 16
0.203215 42
0.574878 7
0.000194 7
0.001902 11
0.001177 79
0.000047 25
0.000023 2
0.009212 156
0.000502 8
1.724958 48
0.134233 184
0.561796 7
0.000850 11
0.000972 58
0.000068 2
0.000043 67
0.000018 2
0.000055 72
0.000031 2
0.000041 60
0.000031 2
0.000034 41
0.000016 2
0.000021 51
0.000026 2
0.000045 43
0.000018 2
0.000025 66
0.000024 2
0.000038 2
0.000035 58
0.000024 2
0.000029 76
0.000016 2
0.000035 72
0.000018 2
0.000029 60
0.000016 2
0.000020 46
0.000016 2
0.000019 51
0.000016 2
0.000020 43
0.000015 2
0.000019 66
0.000016 2
0.000019 2
0.000029 44
0.000016 2
0.000021 41
0.000015 2
0.000029 52
0.000016 2
0.000023 47
0.000016 2
0.000020 37
0.000015 2
0.000019 51
0.000017 2
0.000022 37
0.000016 2
0.000019 66
0.000016 2
0.000039 2
0.000192 79
0.000046 25
0.000010 2
0.008943 149
0.000098 7
0.000315 8
0.663640 18
0.215199 87
0.408764 184
0.380262 77
0.476203 7
0.002067 11
0.001603 76
0.000065 2
0.000248 104
0.000045 2
0.008876 149
0.000094 7
0.000406 8
3.026922 11
0.165128 21
0.614832 22
0.262279 74
1.379305 7
0.239299 1
0.134612 1
0.858949 1
0.324385 1
0.329989 1
0.428892 1
0.694077 1
4.935901 1
0.200074 1
0.549051 1
1.508233 1
0.158723 1
0.109961 1
1.965340 7
0.001491 11
0.013498 109
0.001758 109
0.000723 29
0.000035 76
0.000027 2
0.000021 2
0.000170 105
0.000041 67
0.000097 79
0.000062 25
0.000029 2
0.009255 149
0.000079 7
0.000351 8
5.938333 19
0.000440 56
0.163009 22
0.314975 41
0.139086 65
0.173783 6
0.260680 11
0.265946 18
0.337362 7
0.001379 11
0.009237 26
1.874921 2
0.100349 96
0.011839 141
0.000131 7
0.000394 8
2.306735 19
0.000251 52
0.072454 43
0.000308 43
0.269183 6
2.132192 83
0.000362 30
0.240537 20
0.000167 111
0.000094 1
2.158701 45
0.853952 3
0.000216 30
0.149887 24
0.000558 42
0.373763 83
0.000327 30
0.239122 6
0.179460 6
0.329742 10
0.000315 28
0.153386 17
0.000311 30
0.171452 24
0.000373 42
1.235457 15
0.344528 92
0.215675 16
0.199279 30
0.878220 47
0.184919 1
0.209461 21
0.000243 1
0.000025 2
0.000022 3
0.000048 56
0.000046 23
0.000094 1
1.461042 28
0.230054 44
0.224902 19
0.164013 19
0.170034 19
0.170027 19
0.280150 19
0.000296 41
0.597526 92
0.204818 16
0.145156 16
0.184042 16
0.420049 16
1.141923 43
0.170484 21
0.000159 6
0.000026 78
0.000017 1
0.479034 6
0.000022 79
0.498234 60
0.195225 19
0.164775 19
0.155093 19
0.158936 19
0.174787 19
0.000394 41
0.613704 92
0.224964 16
0.170138 16
0.188889 16
0.494394 16
0.358477 43
0.205329 1
1.647051 3
0.179860 44
138.607702 19
0.170304 19
0.149875 19
0.154776 19
0.499784 19
0.000245 41
0.049231 84
0.000255 42
0.050225 83
0.000235 43
0.051250 116
0.000215 52
0.048455 40
0.538758 19
0.000242 48
0.114197 30
0.108818 33
0.173966 7
0.000844 8
0.000021 1
0.000014 2
0.000015 3
0.000056 5
0.000017 2
0.000024 79
0.000031 17
0.000027 2
0.015294 100
0.000021 2
0.000014 36
0.000016 3
0.000077 7
0.000492 8
0.674096 19
0.000317 52
0.078737 43
0.000421 43
0.318060 6
0.470293 15
0.324442 92
0.174987 16
0.140115 16
0.158916 16
0.814091 16
0.814585 43
0.184486 1
0.174065 21
0.000184 1
0.000051 2
0.000041 56
0.000016 23
0.000052 1
1.218532 27
0.129706 1
0.264332 1
0.323602 1
0.265739 22
0.000289 90
0.503789 29
0.199692 3
0.168743 3
0.170054 3
0.154945 3
0.500449 44
0.049661 19
0.050722 19
0.367128 19
0.189938 19
0.184489 19
0.000304 41
169.945232 84
0.000302 42
0.006240 135
0.682800 19
0.000360 26
0.499645 26
0.000323 28
0.049472 33
0.000345 30
0.049957 40
0.000402 32
0.049921 47
0.000333 34
0.147452 54
0.000316 36
0.194524 61
0.000359 38
0.169180 64
0.000319 36
0.159053 70
0.000343 37
0.159423 77
0.000311 39
0.164811 83
0.000413 40
0.164730 89
0.000401 41
0.243087 84
0.000438 42
0.459496 83
0.000422 43
1.067334 6
95.284198 83
0.000231 43
0.500561 116
0.000301 52
0.049092 40
1.516097 19
0.000199 52
0.089242 43
0.000303 43
0.094428 6
0.434731 92
0.160125 16
0.139785 7
0.000158 14
0.000072 79
0.000014 19
0.008648 141
0.000074 7
0.000316 8
0.660442 19
0.000349 52
0.077413 22
0.498865 6
1.098859 22
0.000554 41
0.329657 92
0.210759 31
1.555157 47
0.265349 21
0.000193 3
0.000019 78
0.000093 1
1.207471 60
0.762980 43
0.260104 21
0.000146 6
0.000027 78
0.000018 1
0.802589 60
2.784844 43
0.190106 1
0.185097 1
0.249192 22
0.000185 6
0.000037 80
0.000103 1
0.533598 28
0.184908 3
0.174774 44
1.733010 63
0.499188 42
0.050362 32
0.050645 34
0.052184 27
0.049978 30
0.051007 63
0.049506 68
0.050165 34
0.050860 32
0.051547 43
0.050814 68
0.050616 43
0.049583 68
0.051428 44
0.049808 76
0.052897 68
0.050898 93
0.050053 108
0.051558 41
0.052450 112
0.051368 273
0.050900 42
0.050282 24
0.051553 163
0.049800 273
0.050550 42
0.051536 134
0.049117 286
0.051131 27
0.050987 26
0.052665 55
0.051128 71
0.053197 81
0.050307 291
0.052148 35
0.051695 81
0.050118 291
0.051965 50
0.049618 39
0.052517 27
0.049858 38
0.049983 58
0.050340 27
0.050661 20
0.051663 18
0.050801 25
0.050057 32
0.052129 94
0.050296 81
0.050794 42
0.050462 106
0.051316 74
0.052379 45
0.051269 24
0.052450 75
0.050291 60
0.495228 48
0.323504 60
0.194721 41
0.175165 35
0.165313 37
0.159599 47
0.166777 92
0.172113 93
0.173189 98
0.156874 403
0.174986 16
0.188517 10
0.150226 10
0.154676 3
0.204382 1
0.284639 6
0.174601 14
0.154450 12
0.161415 169
0.173287 383
0.165504 62
0.174842 94
0.179450 45
0.163934 45
0.174571 26
0.164877 39
0.173396 48
0.161273 69
0.165684 121
0.173945 45
0.163809 95
0.165377 42
0.150242 106
0.165135 82
0.157680 86
0.155217 34
0.549297 32
0.160623 94
0.199016 81
0.438589 42
0.753731 106
0.170860 82
0.162625 86
0.175509 34
0.180624 27
0.163567 20
0.175166 18
0.184656 25
0.163969 39
0.180508 31
0.175400 34
0.448962 27
0.203333 38
0.314943 31
0.124899 34
0.209998 41
0.208770 44
0.176920 97
0.178032 281
0.204041 26
0.344651 35
0.171636 81
0.946535 281
0.500094 26
0.052124 97
0.049827 281
0.051660 43
0.049819 71
0.051018 35
0.049601 25
0.051945 87
0.049697 71
0.050778 106
0.053353 100
0.048643 77
0.050277 17
0.050383 50
0.052091 100
0.048482 273
0.050836 39
0.051413 99
0.050454 103
0.050271 43
0.052428 69
0.049169 50
0.050536 43
0.051082 68
0.050031 43
0.049873 68
0.050388 34
0.050697 32
0.050459 43
0.051691 64
0.051089 63
0.049638 25
0.050345 32
0.049774 34
0.050810 37
0.051012 25
1.311126 16
0.136757 31
1.345137 20
0.205139 16
0.272185 33
0.770463 23
0.000077 7
0.001370 14
0.000069 115
0.009089 158
0.000091 7
0.000364 8
8.015929 11
0.164825 21
0.359113 22
0.169948 16
0.448899 85
1.372535 7
0.223844 1
0.185190 1
0.469245 1
0.209789 1
0.309259 1
0.415003 1
0.614048 1
1.298177 1
0.183815 1
0.271927 1
0.557061 1
0.155035 1
0.165036 1
1.525336 7
0.001467 11
0.051993 172
0.000489 115
0.008616 158
0.000173 7
0.000309 8
3.002718 10
0.000390 49
0.224218 65
0.344426 32
0.119529 16
0.170093 16
0.439268 16
0.084430 16
0.169842 95
0.687817 1
0.524369 11
0.483957 18
0.119911 18
0.184913 1
1.173509 11
0.403838 18
4.585829 7
0.001442 11
0.001008 46
0.000040 2
0.000038 88
0.000041 2
0.000084 88
0.000034 2
0.000036 2
0.000028 48
0.000024 2
0.000028 88
0.000030 2
0.000026 2
0.000027 47
0.000023 2
0.000027 88
0.000030 2
0.000030 88
0.000030 2
0.000234 79
0.000045 36
0.008698 158
0.000170 7
0.000227 8
6.568913 159
1.546719 45
0.285665 127
0.213966 239
0.333028 121
0.494813 37
0.374826 247
0.613300 172
0.394180 127
0.309257 239
0.388706 121
0.564526 37
0.454967 247
2.073555 7
0.001493 11
0.004545 67
0.000048 2
0.000062 34
0.000024 2
0.000044 65
0.000026 2
0.000201 158
0.000046 36
0.008489 158
0.000086 7
0.000339 8
12.061504 10
0.000376 76
0.343756 238
0.150221 32
0.108545 47
0.240288 1
1.053182 11
0.513992 18
0.903994 18
0.767913 1
0.285328 11
0.304217 18
2.616062 1
0.534084 11
0.485005 18
14.287188 1
1.222992 11
0.154105 18
0.295103 18
0.179746 18
0.164167 18
1.223340 18
0.284851 18
0.198860 18
0.154893 18
0.154843 18
0.244224 18
1.149825 18
0.338380 18
0.204814 18
2.143726 7
0.002141 11
0.018883 63
0.000054 2
0.022322 44
0.000088 2
0.000097 55
0.000027 2
0.000032 62
0.000023 2
0.000029 50
0.000022 2
0.001979 158
0.000044 36
0.009833 165
0.000447 8
9.266905 79
0.872837 1
0.300204 1
0.228948 1
0.175031 1
0.415293 1
0.173913 1
0.370110 1
0.203945 1
0.548867 1
2.162150 1
0.468856 1
0.395145 1
0.329070 1
0.214811 1
0.093859 1
0.921230 7
0.002727 11
0.002580 63
0.000048 2
0.037455 69
0.040754 65
0.041510 70
0.001147 95
0.000365 48
0.000044 48
0.000214 136
0.000082 731
0.020458 158
0.000020 36
0.009496 158
0.000123 7
0.000294 8
19.510918 94
0.457480 24
0.335313 192
0.527806 172
0.961108 7
0.001392 11
0.001090 46
0.000048 2
0.000040 88
0.000024 2
0.000079 88
0.000026 2
0.000028 2
0.000028 48
0.000022 2
0.000027 88
0.000023 2
0.000027 2
0.000027 47
0.000025 2
0.000029 88
0.000024 2
0.000051 88
0.000035 2
0.000226 158
0.000046 36
0.008819 158
0.000079 7
0.000341 8
254.746483 45
0.371512 146
12.230178 253
14.269454 253
2.602203 253
86.968353 206
1.381256 90
0.540175 45
0.256607 146
0.562912 24
0.444951 192
0.408323 216
0.743005 192
1.800005 7
0.001461 11
0.005110 67
0.000077 2
0.000050 34
0.000029 2
0.000035 65
0.000031 2
0.000175 79
0.000043 36
0.008804 158
0.000075 7
0.000288 8
0.725492 47
2.923829 172
0.530592 146
2.680943 7
0.002668 11
0.002557 63
0.000041 2
0.031329 69
0.037613 65
0.030378 70
0.000779 47
0.000293 48
2.731069 48
0.000725 912
0.020433 115
0.008866 158
0.000089 7
0.000389 8
0.455617 94
0.325457 165
0.461931 172
1.953622 7
0.001442 11
0.001103 46
0.000041 2
0.000038 88
0.000030 2
0.000080 88
0.000056 2
0.000104 2
0.000030 48
0.000023 2
0.000032 88
0.000042 2
0.000041 2
0.000056 47
0.000024 2
0.000035 88
0.000031 2
0.000032 88
0.000028 2
0.000238 79
0.000042 36
0.008856 158
0.000077 7
0.000354 8
1.706190 45
0.611982 7
0.001367 11
0.001117 46
0.000053 2
0.000039 88
0.000028 2
0.000079 88
0.000049 2
0.000045 2
0.000034 48
0.000025 2
0.000027 88
0.000028 2
0.000027 2
0.000030 47
0.000023 2
0.000027 88
0.000028 2
0.000031 88
0.000028 2
0.000219 79
0.000027 34
0.000014 2
0.008812 165
0.000300 8
0.543536 45
0.232336 146
0.813835 7
0.002608 11
0.002572 63
0.000057 2
0.031022 33
0.000022 2
0.000042 32
0.000014 2
0.043636 63
0.000024 2
0.034541 32
0.000023 2
0.000023 34
0.000013 2
0.000597 46
0.000028 2
0.000033 46
0.000013 2
0.000433 45
0.000016 2
0.000035 46
0.000013 2
0.000046 63
0.000014 2
0.000017 35
0.000015 2
0.000041 30
0.000017 2
0.000015 2
0.000076 23
0.000014 2
0.000014 19
0.000013 2
0.000015 19
0.000013 2
0.000013 22
0.000017 2
0.000013 20
0.000028 2
0.000018 22
0.000013 2
0.000014 20
0.000013 2
0.000014 20
0.000013 2
0.000014 23
0.000022 2
0.000016 21
0.000015 2
0.000014 27
0.000013 2
0.000016 20
0.000014 2
0.000014 21
0.000014 2
0.000016 28
0.000016 2
0.000013 21
0.000014 2
0.000014 21
0.000014 2
0.000013 20
0.000014 2
0.000014 21
0.000013 2
0.000013 29
0.000013 2
0.000016 19
0.000013 2
0.000013 26
0.000015 2
0.000017 62
0.000015 2
0.000017 2
0.000024 44
0.000015 2
0.000016 59
0.000014 2
0.000016 52
0.000014 2
0.020592 115
0.009247 165
0.000537 8
0.495480 94
0.238859 206
0.452027 7
0.001599 11
0.001085 46
0.000021 2
0.000016 88
0.000014 2
0.000083 88
0.000030 2
0.000015 2
0.000016 48
0.000015 2
0.000042 88
0.000085 2
0.000019 2
0.000018 47
0.000014 2
0.000015 88
0.000013 2
0.000020 88
0.000015 2
0.000345 79
0.000081 34
0.000014 2
0.009129 158
0.000119 7
0.000398 8
0.986926 45
0.225844 146
0.437771 206
0.881688 7
0.001503 11
0.001084 46
0.000038 2
0.000040 88
0.000028 2
0.000078 88
0.000033 2
0.000036 2
0.000027 48
0.000023 2
0.000027 88
0.000028 2
0.000026 2
0.000034 47
0.000022 2
0.000027 88
0.000028 2
0.000031 88
0.000027 2
0.000241 79
0.000042 36
0.008864 165
0.000330 8
0.672928 45
0.191887 146
0.561726 206
0.416443 146
0.628026 165
0.830479 7
0.001299 11
0.004633 67
0.000071 2
0.000053 34
0.000023 2
0.000035 65
0.000023 2
0.000234 79
0.000069 36
0.008895 158
0.000074 7
0.000330 8
1.095859 47
0.287841 172
0.785377 146
0.816967 206
0.302075 7
0.001436 11
0.001027 46
0.000055 2
0.000036 88
0.000030 2
0.000077 88
0.000038 2
0.000027 2
0.000029 48
0.000022 2
0.000027 88
0.000027 2
0.000027 2
0.000027 47
0.000022 2
0.000053 88
0.000111 2
0.000059 88
0.000051 2
0.000269 79
0.000047 36
0.008749 158
0.000089 7
0.000308 8
1.017481 45
0.351715 127
2.024252 172
0.247882 90
0.503916 7
0.000480 11
0.000017 79
0.000084 36
0.008769 158
0.000109 7
0.000335 8
0.636232 45
0.450598 127
0.297378 172
0.396582 146
0.739471 7
0.002764 11
0.002499 63
0.000075 2
0.032099 33
0.000092 2
0.000093 32
0.000025 2
0.042374 63
0.000094 2
0.029360 32
0.000055 2
0.000046 34
0.000023 2
0.000772 46
0.000034 2
0.000067 45
0.000027 2
0.000378 46
0.000034 2
0.000138 46
0.000029 2
0.000054 63
0.000027 2
0.000030 35
0.000022 2
0.000052 30
0.000023 2
0.000064 2
0.000105 23
0.000024 2
0.000025 19
0.000022 2
0.000029 19
0.000036 2
0.000031 22
0.000022 2
0.000026 20
0.000022 2
0.000030 22
0.000022 2
0.000026 20
0.000021 2
0.000026 20
0.000022 2
0.000026 23
0.000022 2
0.000026 21
0.000022 2
0.000026 27
0.000022 2
0.000028 20
0.000022 2
0.000030 21
0.000021 2
0.000027 28
0.000022 2
0.000026 21
0.000021 2
0.000026 21
0.000022 2
0.000028 20
0.000032 2
0.000033 21
0.000022 2
0.000026 29
0.000023 2
0.000034 19
0.000021 2
0.000026 26
0.000022 2
0.000031 62
0.000023 2
0.000034 2
0.000036 44
0.000023 2
0.000029 59
0.000023 2
0.000028 52
0.000023 2
0.019840 115
0.009101 165
0.000427 8
0.525480 94
0.188687 206
0.820937 7
0.001355 11
0.001083 46
0.000039 2
0.000034 88
0.000029 2
0.000102 88
0.000037 2
0.000027 2
0.000029 48
0.000024 2
0.000059 88
0.000039 2
0.000026 2
0.000027 47
0.000022 2
0.000047 88
0.000082 2
0.000033 88
0.000028 2
0.000264 115
0.008801 165
0.000426 8
2.305531 10
0.000307 60
0.119016 154
0.000293 30
0.139278 41
0.054711 30
0.129277 55
0.158594 7
0.000908 11
0.007703 11
0.000388 115
0.008754 165
0.000389 8
1.986087 15
0.435551 75
0.364989 146
1.924717 1
0.500523 1
0.050388 1
0.050501 1
0.051563 1
0.050704 1
0.140135 1
0.159553 1
0.144232 1
0.160018 1
0.160802 1
0.127990 1
0.180350 1
0.180447 1
0.193473 1
0.356881 27
0.323744 27
0.718976 38
0.803101 38
0.254996 38
0.243944 38
2.121658 7
0.000520 11
0.002526 63
0.000041 2
0.031259 33
0.000073 2
0.000053 32
0.000025 2
0.039622 63
0.000082 2
0.030766 32
0.000072 2
0.000034 36
0.000023 2
0.000512 46
0.000037 2
0.000101 45
0.000028 2
0.000905 46
0.000065 2
0.000668 46
0.000035 2
0.000930 48
0.000036 2
1.509813 48
0.000099 2
0.102694 48
0.000111 2
0.101829 48
0.000114 2
0.308591 50
0.000874 50
0.204754 136
0.000233 48
0.000114 278
0.000182 227
0.020548 115
0.009023 158
0.000161 7
0.000624 8
1.402345 96
0.557268 201
0.439205 75
1.126603 7
0.000718 11
0.001128 46
0.000041 2
0.000042 88
0.000030 2
0.000082 88
0.000033 2
0.000027 2
0.000029 48
0.000022 2
0.000031 88
0.000028 2
0.000026 2
0.000048 47
0.000090 2
0.000051 88
0.000030 2
0.000035 88
0.000040 2
0.000261 115
0.008804 165
0.000426 8
4.490474 45
0.376408 148
136.641196 218
0.417151 148
0.182244 201
0.164792 75
0.875865 146
1.231794 206
0.625082 127
1.290221 7
0.001394 11
0.004263 67
0.000042 2
0.000045 34
0.000024 2
0.000033 65
0.000023 2
0.000199 79
0.000042 36
0.008711 158
0.000089 7
0.000365 8
0.677968 47
0.221656 172
0.697067 7
0.001291 11
0.001050 46
0.000040 2
0.000038 88
0.000029 2
0.000079 88
0.000041 2
0.000027 2
0.000028 48
0.000022 2
0.000028 88
0.000094 233
0.000245 115
0.008650 158
0.000083 7
0.000356 8
2.371099 45
0.266388 127
0.712275 172
0.360793 148
4.544482 1
0.501560 1
0.050572 1
0.050168 1
0.051644 1
0.050596 1
0.233797 1
0.149933 1
0.214215 1
0.184603 1
0.184814 1
0.174538 1
0.179860 1
0.185323 1
0.163446 1
0.386548 16
0.179053 16
0.174997 27
0.189909 27
0.179064 27
4.740833 27
0.499947 27
0.050976 27
0.050697 27
0.050431 27
0.050352 27
0.050947 27
0.170545 27
0.164100 27
0.175035 16
0.184871 15
0.735121 14
0.499576 14
0.049266 14
0.051048 14
0.051431 14
0.050436 13
0.050482 13
0.053967 12
0.049756 14
0.050259 12
0.050415 10
0.051422 8
0.050593 6
0.050907 4
0.050305 2
0.000425 60
0.047833 1
0.050566 1
0.050760 1
0.050572 1
0.050820 1
0.050691 1
0.050574 1
0.050771 1
0.050806 1
0.150217 191
0.000268 61
0.179888 216
0.000322 62
0.159793 210
0.000271 63
0.163770 209
0.000294 64
0.149339 234
0.000380 65
0.154721 228
0.000359 66
0.158307 227
0.000359 67
0.159463 252
0.000309 68
0.159498 258
0.000416 69
0.422506 252
0.000238 70
0.509891 11
0.689679 257
0.263723 18
0.119656 18
0.145406 18
0.139621 18
0.209575 7
0.001183 8
0.000024 1
0.000014 2
0.002689 4095
0.000125 2018
0.000084 79
0.000059 34
0.000046 2
0.009049 117
0.000020 2
0.000014 36
0.000016 3
0.000066 7
0.000434 8
573.896209 31
0.538253 100
0.395376 127
1.097621 172
1.070206 148
1.750938 3
0.000974 26
0.504615 10
0.001968 28
0.053159 17
0.001233 30
0.046295 24
0.001593 32
0.049936 31
0.001093 34
0.046164 38
0.000929 36
0.051978 45
0.000890 38
0.050131 48
0.000921 36
0.051203 54
0.000965 37
0.045085 61
0.000945 39
0.049549 67
0.001129 40
0.052535 73
0.001176 41
0.051114 79
0.000987 42
0.047873 85
0.001194 43
0.047714 89
0.001040 44
0.046488 114
0.000517 45
0.052409 120
0.001258 46
0.055247 126
0.002148 47
0.047906 132
0.001564 48
0.050395 138
0.001279 49
0.047278 144
0.001152 50
0.048098 150
0.001766 51
0.047476 156
0.001361 52
0.053088 162
0.001059 53
0.046710 168
0.001060 54
0.052826 174
0.001062 55
0.048482 180
0.001414 56
0.189232 186
0.000999 57
0.157662 192
0.001047 58
0.173172 198
0.001103 59
0.240404 192
0.001218 60
384.404900 191
0.189623 1
0.253682 1
0.859305 1
0.158623 1
0.564722 1
0.663910 1
0.603817 1
0.897969 1
0.214984 1
0.195117 1
3.697876 1
0.150358 1
0.099578 1
0.970889 7
0.002200 11
0.002456 63
0.000052 2
0.031714 33
0.000025 2
0.000068 32
0.000014 2
0.037688 63
0.000022 2
0.030767 32
0.000021 2
0.000024 36
0.000013 2
0.001649 46
0.000021 2
0.000028 46
0.000058 2
0.000374 45
0.000017 2
0.002069 48
0.000019 2
1.099543 46
0.000023 2
0.419735 48
0.000024 2
0.104636 48
0.000022 2
0.000664 48
0.000019 2
0.214206 48
0.000024 2
0.102304 48
0.000023 2
0.105054 65
0.000164 2
0.000023 35
0.000014 2
0.000042 30
0.000013 2
0.000127 46
0.000054 2
0.000114 344
0.000048 161
0.025464 115
0.009134 158
0.000138 7
0.000504 8
5.003280 69
0.329301 73
0.917822 100
3.062619 7
0.001377 11
0.000992 49
0.000057 2
0.000041 88
0.000038 2
0.000102 88
0.000043 2
0.000029 2
0.000028 48
0.000022 2
0.000027 88
0.000027 2
0.000030 2
0.000028 50
0.000022 2
0.000026 88
0.000028 2
0.000029 88
0.000028 2
0.000262 79
0.000042 36
0.009526 158
0.000084 7
0.000329 8
10.820182 45
0.285934 121
664.348695 1
0.501082 1
0.052472 1
0.049656 1
0.050491 1
0.052163 1
0.051336 1
2.636728 1
0.200480 1
0.174211 1
0.169739 1
24.528402 1
0.454683 1
0.179451 1
0.854262 100
1.078007 100
0.634993 100
0.109819 102
3.149560 18
0.002285 65
0.031152 69
0.041380 65
0.032054 72
0.001244 48
0.000084 48
0.000591 47
1.100562 48
0.001239 50
0.418563 50
0.206396 50
0.000496 50
0.106279 50
0.316909 50
0.000301 104
0.000023 31
0.000137 48
0.000095 128
0.000044 216
0.000050 161
0.023128 115
0.008757 117
0.000043 2
0.000034 36
0.000026 3
0.000100 7
0.000450 8
1.262487 83
0.252524 140
0.316085 121
0.862438 73
0.327057 100
0.472803 127
0.749508 7
0.001619 11
0.004762 172
0.000095 79
0.000098 36
0.008725 158
0.000079 7
0.000323 8
0.759003 47
0.412042 155
1.353535 7
0.002515 11
0.002765 63
0.000053 2
0.031346 69
0.037661 65
0.031542 72
0.000665 96
0.000472 95
1.414450 50
0.103395 50
0.103257 50
0.103068 50
0.001638 50
0.205117 50
0.101760 136
0.000236 48
0.000108 344
0.000015 107
0.000125 54
0.019976 79
0.000018 36
0.008974 158
0.000112 7
0.000308 8
0.628689 83
0.206408 157
0.447359 155
0.478372 140
0.739955 121
0.851818 73
0.573818 100
0.553805 127
0.469733 172
0.577044 7
0.001405 11
0.000985 46
0.000060 2
0.000045 88
0.000039 2
0.000079 88
0.000034 2
0.000028 2
0.000027 48
0.000022 2
0.000028 88
0.000031 2
0.000025 2
0.000027 47
0.000022 2
0.000027 88
0.000028 2
0.000029 88
0.000028 2
0.000214 79
0.000018 36
0.008687 158
0.000104 7
0.000326 8
8.233768 11
0.000100 115
0.009154 165
0.000378 8
19.630178 159
6.702722 10
0.000267 43
0.113897 35
0.115036 41
0.083865 30
0.089038 55
0.174689 7
0.000933 11
0.000988 11
0.000744 158
0.000040 34
0.000084 2
0.009312 158
0.000094 7
0.000532 8
0.628279 15
0.235546 75
0.215502 135
0.520417 157
0.833107 155
0.362761 157
0.970316 7
0.001412 11
0.004298 67
0.000041 2
0.000030 34
0.000024 2
0.000028 65
0.000024 2
0.000188 158
0.000044 36
0.008946 158
0.000128 7
0.000339 8
6.250314 139
1.912574 419
0.000139 7
0.002554 11
0.002522 63
0.000053 2
0.031310 33
0.000077 2
0.000050 32
0.000024 2
0.031056 63
0.000063 2
0.035399 70
0.000987 293
0.000016 34
0.000095 731
0.021960 158
0.000021 36
0.009725 158
0.000106 7
0.000536 8
1.884209 94
0.240106 165
0.336855 162
0.544902 75
0.726166 7
0.001503 8
0.000023 1
0.000014 2
0.001131 138
0.000032 88
0.000053 375
0.000181 158
0.000049 34
0.000032 2
0.009592 117
0.000020 2
0.000014 36
0.000017 3
0.000064 7
0.000465 8
28.559859 159
0.336197 159
6.517597 159
2.785557 45
0.294939 146
0.545112 165
1.144715 7
0.001288 11
0.004483 67
0.000055 2
0.000031 34
0.000024 2
0.000028 65
0.000023 2
0.000226 158
0.000045 36
0.009022 165
0.000375 8
0.456861 47
0.263372 172
0.377141 146
0.880652 206
0.500849 127
0.049460 157
0.859686 141
1.249403 448
0.002777 11
0.002580 63
0.000041 2
0.030169 33
0.000023 2
0.000040 32
0.000013 2
0.060558 63
0.000022 2
0.030821 32
0.000021 2
0.000024 36
0.000014 2
0.000626 46
0.000028 2
0.000727 46
0.000040 2
0.000032 45
0.000014 2
0.000050 46
0.000013 2
0.000857 48
0.000026 2
0.000944 48
0.000018 2
1.100785 48
0.000040 2
0.000698 48
0.000018 2
0.309026 48
0.000034 2
0.103355 48
0.000038 2
0.717907 689
0.018596 194
0.008931 165
0.000572 8
0.885168 96
0.233654 164
0.494146 172
0.874945 7
0.001341 11
0.001295 46
0.000056 2
0.000063 88
0.000036 2
0.000105 88
0.000037 2
0.000031 2
0.000030 48
0.000023 2
0.000029 88
0.000024 2
0.000028 2
0.000028 47
0.000024 2
0.000028 88
0.000024 2
0.000037 88
0.000025 2
0.000217 158
0.000026 34
0.000015 2
0.008835 158
0.000081 7
0.000407 8
42.399283 159
5.496332 159
21.199379 45
0.346387 148
0.539130 164
1.069163 7
0.001293 11
0.004558 67
0.000066 2
0.000030 34
0.000023 2
0.000028 65
0.000023 2
0.000197 158
0.000054 36
0.008891 158
0.000075 7
0.000349 8
0.532061 47
0.368789 172
0.330751 148
0.677185 218
0.500211 127
0.049684 157
1.413259 134
0.000043 3
1.004244 305
0.000070 7
0.002643 11
0.002409 63
0.000043 2
0.033415 33
0.000121 2
0.000069 32
0.000026 2
0.040959 63
0.000067 2
0.026629 32
0.000041 2
0.000033 36
0.000022 2
0.001035 46
0.000037 2
0.001105 46
0.000145 2
0.000679 45
0.000068 2
1.103805 48
0.414518 48
0.000025 2
0.002570 48
0.000021 2
0.106999 48
0.000026 2
0.102601 48
0.000023 2
0.001853 48
0.000019 2
0.106815 48
0.000024 2
0.101366 65
0.000026 2
0.000018 35
0.000026 2
0.000063 30
0.000014 2
0.000138 46
0.000043 2
0.000064 23
0.000016 2
0.000013 19
0.000014 2
0.000013 21
0.000013 2
0.000013 27
0.000013 2
0.000015 28
0.000014 2
0.000015 23
0.000019 2
0.000022 23
0.000013 2
0.000014 23
0.000016 2
0.000013 23
0.000016 2
0.000022 23
0.000018 2
0.000014 23
0.000013 2
0.000020 62
0.000016 2
0.000018 2
0.000042 44
0.000015 2
0.000016 59
0.000014 2
0.000015 52
0.000013 2
0.033772 158
0.000026 36
0.009455 158
0.000150 7
0.001516 8
1.217253 89
0.000021 3
0.177781 7
0.626196 168
1.571743 162
0.701700 125
0.551781 91
0.000025 3
0.171415 7
0.171087 168
0.359078 172
0.771767 7
0.001529 8
0.000027 5
0.001181 601
0.000311 158
0.000055 34
0.000032 2
0.009093 117
0.000020 2
0.000014 36
0.000017 3
0.000062 7
0.000424 8
12.258017 159
0.289486 159
20.422505 159
2.204867 45
0.234768 136
0.000104 2
0.000026 3
0.000079 3
0.731543 7
0.366420 168
0.842017 20
0.004304 172
0.000296 84
0.008639 117
0.000020 2
0.000015 36
0.000016 3
0.000063 7
0.000430 8
0.991917 47
0.167996 172
0.906695 7
0.000220 11
0.001025 46
0.000059 2
0.000040 88
0.000038 2
0.000077 88
0.000034 2
0.000029 2
0.000029 48
0.000032 2
0.000028 88
0.000029 2
0.000027 2
0.000031 47
0.000058 2
0.000032 88
0.000029 2
0.000034 88
0.000046 2
0.000305 48
0.000050 36
0.009817 158
0.000105 7
0.000350 8
2.329571 45
0.201244 127
0.612412 172
0.549933 136
0.000021 2
0.000014 3
0.000044 3
0.861757 8
0.209043 1
0.500199 1
0.050461 1
0.050454 1
0.050732 1
0.050503 1
0.850198 4
0.241734 16
0.000326 16
0.497255 17
0.051442 1
0.050591 1
0.053752 1
0.447657 1
0.223974 1
0.500382 1
0.050822 1
0.050355 1
0.051177 1
0.050237 1
0.050388 1
13.675751 1
0.169543 1
0.155107 1
0.153973 1
0.501227 1
0.051189 1
0.049245 1
0.237515 1
0.180094 1
0.153239 1
0.755566 58
1.644969 49
0.352257 61
4.362203 47
0.488625 49
0.634400 15
0.163954 49
0.449588 49
3.558432 61
2.327952 7
0.002858 13
0.107562 63
0.000023 2
0.168087 36
0.000024 2
0.008958 33
0.000022 2
0.000037 32
0.000014 2
0.034558 63
0.000024 2
0.023107 32
0.000019 2
0.000025 36
0.000013 2
0.001464 46
0.000019 2
0.000029 46
0.000013 2
0.000359 45
0.000051 2
0.000070 46
0.000017 2
0.002391 48
0.000019 2
1.100927 48
0.000023 2
0.619010 48
0.000025 2
0.000905 48
0.000020 2
0.103176 48
0.000024 2
0.001930 48
0.000020 2
0.414534 65
0.000023 2
0.060644 32
0.000024 2
0.000017 38
0.000013 2
53.544003 72
5.010135 73
0.036140 57
0.899934 36
0.000024 2
0.000028 23
0.000013 2
0.008998 37
0.000022 2
0.000023 23
0.000013 2
0.000439 37
0.000065 2
0.010444 35
0.000018 2
0.002010 30
0.000023 2
0.000366 46
0.000021 2
0.000056 36
0.000016 2
0.000013 55
0.000014 2
0.000014 50
0.000015 2
0.000013 58
0.000015 2
0.000013 89
0.000015 2
0.000013 50
0.000014 2
0.000013 50
0.000015 2
0.000013 50
0.000014 2
0.000013 50
0.000015 2
0.000013 50
0.000014 2
0.000014 50
0.000014 2
0.000017 62
0.000015 2
0.000017 28
0.000016 2
0.000015 31
0.000025 2
0.000015 47
0.000016 2
0.000020 44
0.000015 2
0.000027 57
0.000020 2
0.000018 23
0.000021 2
0.000018 52
0.000016 2
0.000016 38
0.000015 2
0.000044 71
0.000016 2
0.000016 2
0.000040 44
0.000013 2
0.000015 101
0.000015 2
0.000015 60
0.000012 2
0.000017 62
0.000013 2
0.038561 194
0.009730 117
0.000092 2
0.000015 36
0.000019 3
0.000094 7
0.000462 8
8.158930 110
0.257921 172
0.895447 127
0.430937 172
2.340139 7
0.000252 11
0.000986 48
0.000042 2
0.000026 88
0.000024 2
0.000116 88
0.000027 2
0.000030 2
0.000030 48
0.000022 2
0.000030 88
0.000023 2
0.000038 2
0.000030 49
0.000023 2
0.000030 88
0.000024 2
0.000033 88
0.000024 2
0.000383 194
0.008988 165
0.000412 8
5.749598 45
0.550952 162
231.246607 172
0.173944 90
2.600852 159
0.432856 159
8.984684 19
0.000281 56
0.204217 30
0.439659 41
0.274595 30
0.149068 30
0.164897 30
0.089747 30
0.114929 30
0.148388 95
0.350041 7
0.000188 11
0.055130 252
8.406308 429
0.000242 136
0.000123 178
0.000412 2
0.000035 89
0.000150 265
0.000027 86
0.003326 556
0.000217 84
0.000300 2
0.000016 223
0.000123 89
0.003113 615
0.000025 83
0.000229 71
0.000218 540
0.000345 195
0.000484 68
1.001157 5
1.002341 5
0.999836 5
1.001611 5
1.002878 2
0.000154 114
0.017093 158
0.000306 7
0.000287 8
25.886429 159
117.391231 19
0.266733 30
0.255836 41
0.089957 30
0.719365 30
0.248996 30
0.233548 77
3.874306 1
0.688137 1
0.214920 1
0.125508 1
0.244406 1
0.169473 1
1.457098 1
0.269633 1
0.165320 1
0.548680 1
0.179907 1
0.354645 1
0.513784 1
0.304906 1
0.433739 1
0.385196 1
0.295152 1
0.329908 1
0.508192 3
0.184808 1
0.678608 1
0.416282 1
1.412396 1
0.214069 1
0.145875 1
12.100025 1
0.304686 1
1.342588 19
1.336789 7
0.002015 11
0.000315 11
0.000046 158
0.000046 34
0.000031 2
0.009932 158
0.000085 7
0.000365 8
0.013563 134
0.000058 2
0.002695 211
7.669855 19
0.000164 50
0.163272 22
0.166378 41
0.143732 44
1.276599 7
0.000786 11
0.008759 183
0.000030 2
0.010205 149
0.000110 7
0.000419 8
1.549617 19
0.000277 59
0.242048 30
0.122089 93
0.094485 30
0.518980 30
0.224917 30
0.129098 77
0.144176 1
0.799218 1
0.185161 1
0.139847 1
0.239385 1
0.170190 1
0.308837 1
0.356041 1
0.223758 1
0.798929 1
0.195151 1
0.384014 1
0.569093 1
0.295264 1
0.238712 1
0.219757 1
0.284307 1
0.404680 1
1.522157 1
0.445503 1
0.319188 1
0.215083 1
0.184761 1
1.337738 1
0.449205 19
0.452973 7
0.001746 11
0.000335 11
0.000039 158
0.000064 25
0.000054 2
0.009040 149
0.000063 7
0.000366 8
0.049707 53
0.000081 148
9.891878 150
0.338184 150
15.847508 150
1.836634 150
0.366055 150
655.308919 150
12.291872 150
0.068321 150
1.878997 150
2179.612939 150
3537.296727 150
2.790141 150
627.570595 60
0.522337 117
0.423574 109
1.174768 180
1.271289 106
0.938179 188
0.348079 117
0.484971 86
0.905543 60
0.185439 117
0.167578 109
0.171590 180
0.160738 66
0.187009 87
0.503902 184
0.399696 77
0.358958 88
0.251382 73
0.418614 66
1.508412 7
0.002721 11
0.011280 26
2.353723 2
0.154678 96
0.037554 148
0.000792 8
0.618431 14
0.238859 85
0.640956 102
0.675292 89
2.709451 7
0.002954 11
0.002084 51
0.000080 2
0.000053 88
0.000047 2
0.000150 88
0.000539 2
0.000166 2
0.000254 48
0.000248 2
0.000171 88
0.000125 2
0.000060 2
0.000055 52
0.000045 2
0.000066 88
0.000069 2
0.000075 88
0.000069 2
0.000557 79
0.000177 17
0.000207 2
0.025060 141
0.000237 7
0.001516 8
9.268639 19
0.001437 50
0.152989 22
0.154076 41
0.171595 44
0.131945 7
0.001890 11
0.003204 79
0.000206 27
0.020084 149
0.000027 7
0.001144 8
0.875130 19
0.000951 50
0.165840 22
0.153333 41
0.197288 44
0.767268 7
0.000885 8
0.000063 1
0.000040 2
